29777 -395 74805 64828 -24438 7282 7567 344 40588 45459 14153 1960 -24269 26987 -2583 17779 -52591 1152 38593 -9224 -24678 -50154 20078 4373 -8982 -6251 18600 -5273 -530 18207 24644 -26541
44288 -3026 9216 -4363 6993 -495 2255 -37850 4672 -58430 27906 -6861 -30304 40445 -29291 -45741 12777 16661 30892 -39978 3447 22366 41095 20700 19019 -3445 -11577 -5057 -34013 -30377 -37012 -6863
9870 17806 -35520 3767 5784 31917 -29591 -2039 4887 -9475 32826 40034 1826 -27183 -32982 -29206 25813 23684 23161 4733 -3576 23503 48819 -4260 -33802 -18790 34927 9283 -17974 -26113 19862 9703
23437 -28656 -15062 -18620 -30821 -20290 3582 381 9989 -16639 -12760 -33680 -18952 1541 -12941 31521 -2405 167 -10754 -41329 33413 82510 23124 28542 36878 -6052 -19397 -51027 -19764 -10813 -27607 1800
40870 -10112 50531 -46934 -10076 46439 -23965 -30942 -39233 32100 64845 -47754 -4365 46471 21133 -174 -31667 34380 57898 -29798 1203 35155 12273 9215 -39192 13964 -10080 32101 12786 -20579 28612 37304
-5418 -65634 -48807 -26883 -33353 40741 16166 24548 75812 -31311 1829 -26863 14878 1309 16161 -31865 8335 -2744 -16127 -26903 55719 25087 27501 21525 10088 -26990 -15293 26680 13574 -14192 -26937 -18175
36565 19289 -16102 14618 22069 -16043 28884 -6767 -15707 31804 -13736 -18672 24833 -8512 -85449 -4755 -17721 5561 -3164 72645 -41321 29150 -30734 -37000 -24587 32498 9532 -14738 -25685 -14987 25838 10866
-19083 -16157 1964 -13435 -17052 -67445 -9893 2639 -18518 5697 15808 7841 43703 -25275 58528 -20738 -24716 33167 -87299 -4566 28760 -16480 -58178 -28184 -40180 10042 59645 12858 -23583 56424 -18339 4263
35142 -42922 -4111 1934 -81511 9297 35157 49486 31659 -33218 -9867 -586 -16259 28757 22590 -58863 -60904 -29575 24712 -69294 10991 36361 -2597 14491 -11655 18285 11065 -12439 -50952 51299 36088 -44436
-18848 -13719 -14508 51988 4531 -30267 -16097 -17629 -47556 -29488 3598 64512 -33339 -15968 -34904 -21279 16855 36090 -78998 -28382 40570 -3473 27491 -19477 -61297 -14263 55078 -35473 10382 19846 -52331 17154
43859 11637 1381 -18619 55685 30291 1883 -45810 18167 -4511 -82 -51616 -25753 -21417 -66221 53212 56244 51766 3272 -1795 39178 65223 44345 79 14126 -50450 -33899 -7282 8897 -62055 -12112 -8653
-4947 -12353 784 -33209 8272 -47941 13674 1748 -59388 24284 -23872 -8683 -16075 -72208 -8892 15990 -30345 -14350 -1330 -4446 -12444 27196 -40729 -29440 56567 -8952 -11323 -19249 23795 -909 47281 -15053
-38318 -41757 -20388 -44267 54365 11266 -21228 -3122 5120 19600 -22354 10137 47998 31881 -29966 57847 75866 27398 -42359 -26337 10385 19744 29204 12776 8160 -2437 -43055 44375 61292 -25728 -59714 29951
24054 25757 55591 -1559 -44674 -43261 17528 -13332 3548 55010 34802 -1850 13853 25548 33944 23927 -56174 1026 -17224 -18067 -22641 -4681 3187 18889 19958 45432 -14101 -45189 -75083 2873 -25347 -13993
-20005 3831 -1799 8086 -13789 -25019 -36517 -61789 8337 -11339 30091 20607 286 -56341 53182 -17077 -65946 14367 26702 2058 23446 8700 30906 39888 -21078 -15156 32177 -44133 9715 64227 57284 14500
50245 -27565 64871 28464 39825 68651 19813 -31623 5109 42726 18443 -25115 4114 42951 -22934 -4784 2669 43716 15364 -28042 35371 38305 46153 40883 -20114 -46078 -18297 7762 40875 -29563 -46124 -10219
-52711 -54494 -56875 -16932 -64312 19264 -25588 23786 35480 -4099 4680 -9450 36648 -70882 9951 -76833 -48924 -33512 -18626 -4188 30806 -4580 23110 9890 -5145 54642 17731 32944 -10057 15570 16612 23570
-2556 24268 5676 8588 -4773 23953 -28699 -14248 9314 -18177 17318 -3520 -52134 46226 19818 4745 21588 20478 1220 63343 40184 -56275 38030 34294 3269 32414 -36220 -23594 16579 35613 -32208 45561
-21631 -6683 19293 26833 -52840 -24122 -15129 27967 39147 -19547 28951 36288 -15255 -12300 43474 24073 -40246 -3161 -29894 -16014 -1124 -53305 -2229 12854 -11542 -16388 32212 -27855 -12509 37235 14058 -3166
-10456 -31695 -13547 34926 -11567 -5747 -3928 -31323 58389 13104 -13310 -12178 10907 -8400 -93522 41847 23696 59969 -13298 39053 13202 30326 56879 -30075 -10794 -4982 19254 -32311 4255 -12752 -53693 44010
-29761 -24843 8755 50243 -17419 43778 33231 -19575 -3894 78899 -35867 -6109 -6112 -883 -19692 4005 -29183 6367 -15851 -17376 24781 -26847 -1768 -51555 3977 9107 4555 46147 40338 -26113 -12884 6280
-6225 34235 3668 -68579 692 -17710 -31362 16173 -153 21801 -2659 -37784 38572 33367 10361 36186 25203 -39685 18743 32193 -44933 -35202 -52355 15189 15205 67895 -77824 25108 -29456 -36560 -3317 -12468
-57776 49606 32652 -67043 14993 3089 -23423 -10174 -52764 -24338 40349 -7835 12110 -33972 114990 2673 27625 26987 17111 -10210 34996 2127 -5635 29564 -25973 -53167 16381 -14520 30265 22361 22936 23023
-42690 39564 3249 -26553 -26023 -15665 -30236 16189 -9961 -35780 32718 -10088 -41597 -41510 37425 -1772 -19316 -6139 52482 -16146 36117 2452 27234 -4795 -26438 39477 28291 -26644 -49172 3326 43958 24577
-19614 3929 17886 -34754 35299 -28807 -34025 25928 -35768 -6556 30553 7221 59202 630 57935 -20717 -9976 -19805 4664 2213 -52931 -6690 -60762 30089 -8689 -31316 21252 31231 24802 -6016 20907 31485
38793 -34268 21446 26600 -60614 -17594 -1158 19912 13156 9018 32905 5673 6205 -26593 -30928 -68784 -61524 8887 -9751 16967 -10407 13122 -7692 -5206 -52615 -18481 53325 -24535 -43914 38549 15669 -13911
23272 -3754 6334 -11845 -25034 -13808 11879 -24723 55493 -11275 -7707 -14113 9387 -3520 -24084 -6218 5864 -12121 29081 6056 -17756 21875 29007 37348 34226 -22873 -34539 -28936 -22221 21259 -5317 -66813
-54790 -26494 20210 -53718 995 -17874 33557 50262 -7427 -41949 -14277 3005 8612 41837 89815 -15164 11499 -10447 26225 -25041 9267 -40617 -25550 7291 66180 32059 66313 -1557 5694 38554 -530 36569
-8728 7655 -13247 19277 -55942 -94893 3832 -16350 -15224 -62288 -7378 13218 -9840 444 -13693 30856 -57121 -30932 -67723 -32840 -25375 8400 -35703 -13625 -27930 67582 40146 -22377 -19594 52339 -318 -16844
31300 52406 19658 30443 -4120 31574 11716 56860 22365 10659 14820 -22919 -48400 45427 8794 -7392 6171 12900 -25559 34737 30524 -30916 27233 -291 7380 7762 -16699 -1869 -30636 -426 -62465 13575
5247 6379 -25977 12687 -7271 5352 -32284 49267 -11696 3977 9293 40522 3087 15281 -69240 -42336 -16050 6290 11867 22680 5613 -7204 -13448 17716 -28099 -11317 30397 18236 -5897 14817 -835 -8793
10060 -52329 -9377 -4568 51735 3830 51571 -52875 -18309 -19562 -21594 -10713 34473 -19388 -7199 8703 -19879 -1011 -31765 22032 41691 48617 -40135 25421 -15604 -36131 17057 4829 39812 19332 -7076 18181
