FORMAT_VERSION=1
MAX_N=32
ARRAY_N=8
MATRIX_DIM=32
DATA_W=8
ACC_W=21
SEED=1
BIAS=1
POOL=1
ACT_MODE=2
OUTPUT_DIM=16
CYCLES=4578
BEGIN_MATRIX_A
0 -122 -50 -58 -61 71 126 93 110 60 -29 44 17 0 -1 102 -107 23 -61 -100 0 -89 5 -92 25 -104 -53 -27 103 11 7 1
-104 55 -91 -30 68 -94 -1 34 13 -65 -80 -38 34 -25 -56 -53 39 -77 92 -26 115 -70 125 60 -77 -87 -120 71 -14 -63 -37 -107
-10 -81 -25 -48 6 -55 -94 48 14 -89 93 63 30 34 -13 9 83 -87 95 -95 19 2 -81 20 -74 98 84 -81 -122 -25 -38 -88
34 117 -12 48 67 -15 -8 -42 -36 -38 -87 88 -96 71 113 -51 -30 64 -17 44 -38 119 -19 58 74 104 -79 -39 123 -46 -76 -87
-90 -114 -81 29 -76 -49 18 -32 97 -67 -40 -93 -65 109 -76 69 29 60 -83 99 67 -115 8 60 25 -30 -95 3 -84 87 -100 -124
-117 126 120 53 -110 -102 -126 -100 5 54 -87 28 23 40 -83 31 -49 -29 -70 -92 69 57 81 38 77 116 -92 -22 113 -51 67 -88
92 77 50 -105 -105 6 90 -40 -78 -86 95 65 -64 -115 -49 -120 64 -5 -72 -51 92 -14 -101 -121 -114 67 -67 -51 -92 8 -38 1
32 127 61 -33 -3 73 42 -31 -46 -1 -70 16 84 51 9 45 58 -56 -56 59 127 -83 54 107 7 -10 108 104 -97 94 20 -2
98 26 123 43 125 24 5 -124 78 -102 -2 7 -20 47 -50 61 7 18 -115 -52 42 -33 -11 97 97 -77 -76 -7 59 -91 33 -117
44 -92 78 24 80 -86 124 16 -112 97 -22 34 35 23 15 99 112 28 39 -35 84 125 40 118 -59 29 21 62 -46 51 -77 23
7 33 -105 -60 49 -77 -96 81 -126 -71 -63 -32 16 -1 62 -49 -66 -83 56 76 121 -2 -95 55 -34 92 -110 115 61 -37 -5 -114
-4 23 -72 -51 88 105 2 -106 -116 -121 68 61 79 126 77 46 -68 10 -31 118 -111 87 -78 -78 -44 20 -84 88 -42 -11 -84 95
-108 -116 -110 79 127 -126 -74 -85 -104 50 -75 -72 -8 -87 -84 -84 -78 -7 -60 57 21 -3 44 117 81 107 100 40 117 86 -10 118
-38 6 -121 -23 -33 50 75 -34 16 -97 -43 77 -91 21 77 -8 106 -65 3 -15 0 -27 97 -116 126 6 60 -94 118 83 -117 66
87 -119 120 -72 51 49 -45 -3 -35 50 -27 123 111 -40 -94 62 46 33 63 126 -53 -122 33 -122 5 12 53 3 -80 -63 -100 -81
21 -100 -57 90 -77 -78 -31 85 105 -45 -89 62 -16 -121 -100 46 -57 102 -103 59 111 -43 -64 111 16 33 -47 9 127 -9 -36 44
-100 68 85 -21 25 107 -124 -77 -99 -26 93 21 66 56 -82 -13 127 82 -77 8 102 71 13 -42 72 106 17 -16 -70 -55 123 -91
-10 6 -125 10 -97 -109 80 102 -30 80 -56 -3 -2 -127 -57 60 31 43 -82 64 -87 -46 91 -56 -42 -113 119 119 -68 -115 43 -120
-82 -25 52 -45 -2 -34 85 58 36 120 42 115 61 118 90 53 -16 -73 45 -62 -79 -21 124 -46 100 -77 4 -36 94 25 30 -60
-53 111 -55 -27 111 -125 37 125 -55 66 67 117 -104 -82 88 -115 -68 59 80 -20 122 -120 -64 2 28 125 59 -38 -6 -61 4 -60
-39 -96 34 93 -84 54 -47 -3 -67 20 87 -128 43 62 51 114 -51 124 -71 -102 122 30 -7 -27 -89 17 27 -79 105 94 16 120
-32 3 -93 -39 -17 44 -20 7 105 -43 37 -110 -115 -69 -35 -113 -19 -63 -119 42 -82 -93 120 -119 46 23 40 29 5 66 -13 75
105 -101 43 117 -15 29 -123 105 -74 -24 -16 40 -39 59 -58 20 99 -50 98 122 -115 -116 16 124 91 -78 97 93 -89 68 -33 44
127 -18 30 -48 -21 60 48 112 14 52 121 64 -89 84 -32 -83 -5 -23 102 -25 17 -49 18 -54 87 -120 74 45 -88 -71 -123 -119
-85 3 91 7 -104 64 -4 -23 89 30 1 87 18 26 -98 -120 -3 -40 53 79 -76 -31 78 2 -51 -64 -29 -53 -29 118 22 78
-9 93 69 -73 48 94 125 35 3 -115 75 107 -77 36 -17 83 52 -32 -14 15 111 -72 23 49 -27 -2 -83 -12 -79 -46 68 -23
-21 4 -67 -2 109 75 -61 -22 -12 -28 -105 -6 -93 -122 70 59 -24 -58 62 4 -68 -54 63 -28 73 104 -85 -25 -22 -95 64 73
-111 123 37 121 -120 62 96 -116 -107 10 -89 0 124 -41 -107 -19 -29 -48 59 -115 -107 11 22 40 34 -93 94 96 -23 57 -67 -39
116 -54 95 71 60 -21 101 -41 -47 100 -67 -5 88 44 76 -105 111 -59 -119 -122 114 -15 110 -115 27 -43 -57 -99 -120 112 -21 -120
-101 117 -53 4 -63 -120 101 24 17 -40 -103 -22 -48 27 93 -25 85 -24 75 78 77 114 -104 30 92 -92 104 92 31 -101 124 -60
-110 -126 75 -51 -47 -54 111 28 61 -53 127 72 -4 -72 58 9 -33 -1 34 -63 -95 3 103 105 -113 53 66 -38 -120 -112 -94 121
97 118 64 66 -90 -24 23 50 -63 35 46 21 120 -102 -43 -84 -43 81 47 62 101 -102 44 125 -35 45 -41 -44 29 -92 13 21
END_MATRIX_A
BEGIN_MATRIX_B
56 92 -57 -13 95 -119 69 -111 -113 -55 -36 95 -47 -47 49 74 37 -87 -105 -10 40 110 -88 -18 -100 -21 -72 -79 -50 32 46 -93
-32 -105 -65 -39 -22 -83 124 -53 8 -85 -46 -28 60 -58 92 -20 56 -2 -101 91 2 -32 -115 -120 126 30 38 -76 -44 23 -93 0
-75 48 -61 54 -123 19 -31 120 98 -47 -26 -43 6 -33 34 -79 -106 -11 6 24 66 -49 -77 -20 -50 -56 124 -13 -2 94 52 -56
-45 -114 104 -86 -68 17 120 39 -105 -127 -117 -79 -101 82 104 8 27 -76 42 -116 51 82 -35 105 73 -15 -18 -84 120 -20 -122 42
-42 -104 -62 85 -102 -128 -59 -24 37 -124 -74 120 -26 -41 -112 -32 35 -29 -35 -106 -95 2 78 -47 40 31 46 -96 -18 55 -67 -43
-39 -73 99 -42 -85 -73 -53 74 5 32 -39 -88 82 -89 126 -86 -120 -86 113 -106 -41 -11 -54 113 40 91 113 13 -117 56 123 -7
120 -48 95 77 -6 -115 14 92 -76 30 -24 66 -53 119 -107 84 -89 -79 -70 107 -95 -60 -108 25 -123 45 105 -76 -5 103 -28 69
-50 77 74 89 18 90 -111 -81 45 -59 86 -58 -68 -127 -71 78 91 30 12 118 74 -123 112 26 -7 -101 75 -45 105 -71 -100 -23
118 20 55 25 0 -11 -41 81 -20 -36 24 49 18 123 78 -121 -1 -103 57 -108 -97 -47 -95 65 -63 45 -55 43 -127 -88 -58 -108
-115 -115 -71 46 78 -73 -28 -46 -21 -86 -96 5 55 -100 54 112 111 74 -106 39 -22 -66 -21 -32 -105 -22 24 -5 110 42 6 117
-83 -96 -27 -73 8 117 60 66 -88 -7 -30 65 23 -99 -42 -9 7 -40 -10 13 -10 -28 -110 -59 -72 91 -22 2 -36 -73 127 61
-13 -76 77 83 -70 -119 -30 48 28 14 82 99 30 -76 17 -116 -95 107 -84 -89 16 91 88 64 -33 -122 116 -128 -10 71 -43 27
-7 -80 6 33 111 -55 89 -85 -60 -79 -30 108 54 -102 75 30 -102 -86 -117 -46 3 -70 -126 32 70 -13 104 52 104 81 43 -66
-36 -4 -94 -62 -78 -115 -90 68 -102 42 7 -37 -52 -122 102 29 -51 -67 -23 -16 26 25 -46 -75 -85 -86 -5 94 93 -52 37 86
54 127 53 84 -112 -84 75 9 28 65 -76 -80 -53 47 -57 121 -106 75 -105 -33 33 15 -115 -49 72 50 -33 -67 -128 48 -26 -110
35 -94 83 120 -109 127 76 -117 67 60 93 106 -98 -52 81 -95 -49 124 -23 -1 99 -77 118 -68 -39 -109 73 -111 -2 117 17 -94
63 75 15 76 -57 -37 45 -40 -116 -28 -11 8 50 22 103 -123 -44 -9 -76 47 -83 -98 -48 77 -103 84 -21 -102 -126 18 -53 53
-91 -30 -3 112 -72 26 -15 -128 -14 127 -17 10 -15 68 -19 -109 -126 -28 74 -49 72 -26 94 -48 67 124 -6 22 55 -2 -73 122
-15 78 48 4 113 18 28 -109 -15 -42 63 112 -57 13 71 -68 51 -22 126 -65 2 36 101 22 21 -109 40 -59 -55 -78 -9 34
62 -9 59 -89 126 27 -80 -96 -125 48 89 -71 31 -87 88 111 -61 48 -91 93 36 110 -88 110 -57 -95 -86 -25 99 36 49 92
40 -59 51 121 -22 12 50 -73 37 84 47 -27 -27 -49 -125 -101 -115 95 -110 -117 124 92 107 -89 -104 45 51 60 -80 -52 -122 -41
-54 31 -86 25 64 61 -90 102 -46 -118 55 114 -123 -74 -84 -79 109 -98 -103 -90 84 6 112 17 65 63 -10 2 -35 -95 -100 -61
-65 -20 -75 -89 -115 -122 -115 -65 6 -103 98 97 -22 24 54 -97 -65 -109 -116 -114 120 3 -5 124 -2 94 -90 -6 -107 28 -108 -49
36 -108 -26 -62 91 61 -19 79 -68 -54 37 49 127 41 6 -43 93 104 -64 -93 51 107 -48 54 -117 -111 120 99 3 51 19 42
-109 -1 81 -118 -74 59 73 39 111 -30 114 -30 49 -92 125 66 -92 -61 7 -59 81 -43 51 16 35 97 30 -4 -46 94 61 -123
41 -108 -118 -98 42 -41 -93 -42 27 42 -65 -13 105 -66 -127 86 111 -53 -74 83 30 88 -26 89 -125 -44 -51 4 47 -107 -76 15
-128 58 -92 29 -62 -24 -128 108 60 106 -3 99 21 47 117 1 26 41 -96 44 100 -115 46 -33 -28 114 56 60 -59 78 -100 119
-76 89 50 -88 9 -58 -29 120 -51 -24 -95 -77 -97 47 59 -78 127 3 24 -80 112 -118 -51 -12 3 67 -110 -29 -65 -125 -103 -19
97 -40 73 93 12 73 80 10 74 109 -99 -31 -12 117 55 89 -6 2 -14 -65 12 -24 8 102 28 -51 -114 -72 -56 -87 -50 32
-94 32 123 -35 85 -57 -54 -80 -83 64 103 109 125 57 78 100 104 76 -126 -73 -123 -67 -94 -122 -23 26 97 -5 13 -71 -33 63
19 23 -35 70 -15 25 -44 124 115 40 -16 86 40 50 -30 -60 35 -118 -102 121 -90 -95 -34 33 -89 -81 -66 107 56 41 -17 -5
-49 37 1 57 106 -106 115 -5 -105 109 -83 29 95 -103 -41 -24 7 -30 -113 100 -70 -84 -128 -120 16 -107 -40 72 118 -13 -94 -125
END_MATRIX_B
BEGIN_BIAS
0 -20 98 18 126 57 56 97 99 -33 17 25 19 -100 -116 117 28 -27 -100 -37 -103 98 -111 5 75 61 43 -94 -125 -127 -103 -126
END_BIAS
BEGIN_MATRIX_C
44288 74805 7282 7567 45459 27906 40445 17779 16661 38593 22366 41095 19019 18600 18207 24644
23437 3767 31917 3582 9989 40034 1826 31521 25813 23161 82510 48819 36878 34927 -2704 19862
40870 50531 46439 24548 75812 64845 46471 21133 34380 57898 55719 27501 13964 32101 13574 37304
36565 14618 22069 28884 31804 15808 43703 58528 33167 72645 29150 -7046 32498 59645 56424 25838
35142 51988 9297 49486 31659 64512 28757 22590 36090 24712 40570 27491 18285 55078 51299 36088
43859 1381 55685 13674 24284 -21 -4019 53212 56244 3272 65223 44345 56567 -1821 23795 47281
25757 55591 54365 17528 55010 34802 47998 57847 75866 -4306 19744 29204 45432 44375 61292 29951
50245 64871 68651 19813 42726 30091 42951 53182 43716 26702 38305 46153 -3789 32177 64227 57284
24268 8588 23953 23786 35480 17318 46226 19818 21588 63343 40184 38030 54642 32944 35613 45561
-1671 34926 -1437 27967 58389 36288 10907 43474 59969 39053 30326 56879 -1246 32212 37235 44010
34235 50243 43778 33231 78899 -665 38572 36186 25203 32193 24781 15189 67895 46147 40338 6280
49606 32652 14993 16189 -2491 40349 12110 114990 27625 52482 36117 29564 39477 28291 30265 43958
38793 26600 35299 25928 13156 32905 59202 57935 8887 16967 13122 30089 -2173 53325 38549 31485
23272 20210 995 50262 55493 3005 41837 89815 11499 29081 21875 37348 66180 66313 38554 36569
52406 30443 31574 56860 22365 14820 45427 30856 12900 34737 30524 27233 67582 40146 52339 13575
10060 12687 51735 51571 3977 40522 34473 8703 6290 22680 48617 25421 -2830 30397 39812 18181
END_MATRIX_C
