0 -122 -50 -58 -61 71 126 93 110 60 -29 44 17 0 -1 102 -107 23 -61 -100 0 -89 5 -92 25 -104 -53 -27 103 11 7 1
-104 55 -91 -30 68 -94 -1 34 13 -65 -80 -38 34 -25 -56 -53 39 -77 92 -26 115 -70 125 60 -77 -87 -120 71 -14 -63 -37 -107
-10 -81 -25 -48 6 -55 -94 48 14 -89 93 63 30 34 -13 9 83 -87 95 -95 19 2 -81 20 -74 98 84 -81 -122 -25 -38 -88
34 117 -12 48 67 -15 -8 -42 -36 -38 -87 88 -96 71 113 -51 -30 64 -17 44 -38 119 -19 58 74 104 -79 -39 123 -46 -76 -87
-90 -114 -81 29 -76 -49 18 -32 97 -67 -40 -93 -65 109 -76 69 29 60 -83 99 67 -115 8 60 25 -30 -95 3 -84 87 -100 -124
-117 126 120 53 -110 -102 -126 -100 5 54 -87 28 23 40 -83 31 -49 -29 -70 -92 69 57 81 38 77 116 -92 -22 113 -51 67 -88
92 77 50 -105 -105 6 90 -40 -78 -86 95 65 -64 -115 -49 -120 64 -5 -72 -51 92 -14 -101 -121 -114 67 -67 -51 -92 8 -38 1
32 127 61 -33 -3 73 42 -31 -46 -1 -70 16 84 51 9 45 58 -56 -56 59 127 -83 54 107 7 -10 108 104 -97 94 20 -2
98 26 123 43 125 24 5 -124 78 -102 -2 7 -20 47 -50 61 7 18 -115 -52 42 -33 -11 97 97 -77 -76 -7 59 -91 33 -117
44 -92 78 24 80 -86 124 16 -112 97 -22 34 35 23 15 99 112 28 39 -35 84 125 40 118 -59 29 21 62 -46 51 -77 23
7 33 -105 -60 49 -77 -96 81 -126 -71 -63 -32 16 -1 62 -49 -66 -83 56 76 121 -2 -95 55 -34 92 -110 115 61 -37 -5 -114
-4 23 -72 -51 88 105 2 -106 -116 -121 68 61 79 126 77 46 -68 10 -31 118 -111 87 -78 -78 -44 20 -84 88 -42 -11 -84 95
-108 -116 -110 79 127 -126 -74 -85 -104 50 -75 -72 -8 -87 -84 -84 -78 -7 -60 57 21 -3 44 117 81 107 100 40 117 86 -10 118
-38 6 -121 -23 -33 50 75 -34 16 -97 -43 77 -91 21 77 -8 106 -65 3 -15 0 -27 97 -116 126 6 60 -94 118 83 -117 66
87 -119 120 -72 51 49 -45 -3 -35 50 -27 123 111 -40 -94 62 46 33 63 126 -53 -122 33 -122 5 12 53 3 -80 -63 -100 -81
21 -100 -57 90 -77 -78 -31 85 105 -45 -89 62 -16 -121 -100 46 -57 102 -103 59 111 -43 -64 111 16 33 -47 9 127 -9 -36 44
-100 68 85 -21 25 107 -124 -77 -99 -26 93 21 66 56 -82 -13 127 82 -77 8 102 71 13 -42 72 106 17 -16 -70 -55 123 -91
-10 6 -125 10 -97 -109 80 102 -30 80 -56 -3 -2 -127 -57 60 31 43 -82 64 -87 -46 91 -56 -42 -113 119 119 -68 -115 43 -120
-82 -25 52 -45 -2 -34 85 58 36 120 42 115 61 118 90 53 -16 -73 45 -62 -79 -21 124 -46 100 -77 4 -36 94 25 30 -60
-53 111 -55 -27 111 -125 37 125 -55 66 67 117 -104 -82 88 -115 -68 59 80 -20 122 -120 -64 2 28 125 59 -38 -6 -61 4 -60
-39 -96 34 93 -84 54 -47 -3 -67 20 87 -128 43 62 51 114 -51 124 -71 -102 122 30 -7 -27 -89 17 27 -79 105 94 16 120
-32 3 -93 -39 -17 44 -20 7 105 -43 37 -110 -115 -69 -35 -113 -19 -63 -119 42 -82 -93 120 -119 46 23 40 29 5 66 -13 75
105 -101 43 117 -15 29 -123 105 -74 -24 -16 40 -39 59 -58 20 99 -50 98 122 -115 -116 16 124 91 -78 97 93 -89 68 -33 44
127 -18 30 -48 -21 60 48 112 14 52 121 64 -89 84 -32 -83 -5 -23 102 -25 17 -49 18 -54 87 -120 74 45 -88 -71 -123 -119
-85 3 91 7 -104 64 -4 -23 89 30 1 87 18 26 -98 -120 -3 -40 53 79 -76 -31 78 2 -51 -64 -29 -53 -29 118 22 78
-9 93 69 -73 48 94 125 35 3 -115 75 107 -77 36 -17 83 52 -32 -14 15 111 -72 23 49 -27 -2 -83 -12 -79 -46 68 -23
-21 4 -67 -2 109 75 -61 -22 -12 -28 -105 -6 -93 -122 70 59 -24 -58 62 4 -68 -54 63 -28 73 104 -85 -25 -22 -95 64 73
-111 123 37 121 -120 62 96 -116 -107 10 -89 0 124 -41 -107 -19 -29 -48 59 -115 -107 11 22 40 34 -93 94 96 -23 57 -67 -39
116 -54 95 71 60 -21 101 -41 -47 100 -67 -5 88 44 76 -105 111 -59 -119 -122 114 -15 110 -115 27 -43 -57 -99 -120 112 -21 -120
-101 117 -53 4 -63 -120 101 24 17 -40 -103 -22 -48 27 93 -25 85 -24 75 78 77 114 -104 30 92 -92 104 92 31 -101 124 -60
-110 -126 75 -51 -47 -54 111 28 61 -53 127 72 -4 -72 58 9 -33 -1 34 -63 -95 3 103 105 -113 53 66 -38 -120 -112 -94 121
97 118 64 66 -90 -24 23 50 -63 35 46 21 120 -102 -43 -84 -43 81 47 62 101 -102 44 125 -35 45 -41 -44 29 -92 13 21
