44288 74805 7282 7567 45459 27906 40445 17779 16661 38593 22366 41095 19019 18600 18207 24644
23437 3767 31917 3582 9989 40034 1826 31521 25813 23161 82510 48819 36878 34927 -2704 19862
40870 50531 46439 24548 75812 64845 46471 21133 34380 57898 55719 27501 13964 32101 13574 37304
36565 14618 22069 28884 31804 15808 43703 58528 33167 72645 29150 -7046 32498 59645 56424 25838
35142 51988 9297 49486 31659 64512 28757 22590 36090 24712 40570 27491 18285 55078 51299 36088
43859 1381 55685 13674 24284 -21 -4019 53212 56244 3272 65223 44345 56567 -1821 23795 47281
25757 55591 54365 17528 55010 34802 47998 57847 75866 -4306 19744 29204 45432 44375 61292 29951
50245 64871 68651 19813 42726 30091 42951 53182 43716 26702 38305 46153 -3789 32177 64227 57284
24268 8588 23953 23786 35480 17318 46226 19818 21588 63343 40184 38030 54642 32944 35613 45561
-1671 34926 -1437 27967 58389 36288 10907 43474 59969 39053 30326 56879 -1246 32212 37235 44010
34235 50243 43778 33231 78899 -665 38572 36186 25203 32193 24781 15189 67895 46147 40338 6280
49606 32652 14993 16189 -2491 40349 12110 114990 27625 52482 36117 29564 39477 28291 30265 43958
38793 26600 35299 25928 13156 32905 59202 57935 8887 16967 13122 30089 -2173 53325 38549 31485
23272 20210 995 50262 55493 3005 41837 89815 11499 29081 21875 37348 66180 66313 38554 36569
52406 30443 31574 56860 22365 14820 45427 30856 12900 34737 30524 27233 67582 40146 52339 13575
10060 12687 51735 51571 3977 40522 34473 8703 6290 22680 48617 25421 -2830 30397 39812 18181
