29777 0 74707 64810 0 7225 7511 247 40489 45492 14136 1935 0 27087 0 17662 0 1179 38693 0 0 0 20189 4368 0 0 18557 0 0 18334 24747 0
44288 0 9118 0 6867 0 2199 0 4573 0 27889 0 0 40545 0 0 12749 16688 30992 0 3550 22268 41206 20695 18944 0 0 0 0 0 0 0
9870 17826 0 3749 5658 31860 0 0 4788 0 32809 40009 1807 0 0 0 25785 23711 23261 4770 0 23405 48930 0 0 0 34884 9377 0 0 19965 9829
23437 0 0 0 0 0 3526 284 9890 0 0 0 0 1641 0 31404 0 194 0 0 33516 82412 23235 28537 36803 0 0 0 0 0 0 1926
40870 0 50433 0 0 46382 0 0 0 32133 64828 0 0 46571 21249 0 0 34407 57998 0 1306 35057 12384 9210 0 13903 0 32195 12911 0 28715 37430
0 0 0 0 0 40684 16110 24451 75713 0 1812 0 14859 1409 16277 0 8307 0 0 0 55822 24989 27612 21520 10013 0 0 26774 13699 0 0 0
36565 19309 0 14600 21943 0 28828 0 0 31837 0 0 24814 0 0 0 0 5588 0 72682 0 29052 0 0 0 32437 9489 0 0 0 25941 10992
0 0 1866 0 0 0 0 2542 0 5730 15791 7816 43684 0 58644 0 0 33194 0 0 28863 0 0 0 0 9981 59602 12952 0 56551 0 4389
35142 0 0 1916 0 9240 35101 49389 31560 0 0 0 0 28857 22706 0 0 0 24812 0 11094 36263 0 14486 0 18224 11022 0 0 51426 36191 0
0 0 0 51970 4405 0 0 0 0 0 3581 64487 0 0 0 0 16827 36117 0 0 40673 0 27602 0 0 0 55035 0 10507 19973 0 17280
43859 11657 1283 0 55559 30234 1827 0 18068 0 0 0 0 0 0 53095 56216 51793 3372 0 39281 65125 44456 74 14051 0 0 0 9022 0 0 0
0 0 686 0 8146 0 13618 1651 0 24317 0 0 0 0 0 15873 0 0 0 0 0 27098 0 0 56492 0 0 0 23920 0 47384 0
0 0 0 0 54239 11209 0 0 5021 19633 0 10112 47979 31981 0 57730 75838 27425 0 0 10488 19646 29315 12771 8085 0 0 44469 61417 0 0 30077
24054 25777 55493 0 0 0 17472 0 3449 55043 34785 0 13834 25648 34060 23810 0 1053 0 0 0 0 3298 18884 19883 45371 0 0 0 3000 0 0
0 3851 0 8068 0 0 0 0 8238 0 30074 20582 267 0 53298 0 0 14394 26802 2095 23549 8602 31017 39883 0 0 32134 0 9840 64354 57387 14626
50245 0 64773 28446 39699 68594 19757 0 5010 42759 18426 0 4095 43051 0 0 2641 43743 15464 0 35474 38207 46264 40878 0 0 0 7856 41000 0 0 0
0 0 0 0 0 19207 0 23689 35381 0 4663 0 36629 0 10067 0 0 0 0 0 30909 0 23221 9885 0 54581 17688 33038 0 15697 16715 23696
0 24288 5578 8570 0 23896 0 0 9215 0 17301 0 0 46326 19934 4628 21560 20505 1320 63380 40287 0 38141 34289 3194 32353 0 0 16704 35740 0 45687
0 0 19195 26815 0 0 0 27870 39048 0 28934 36263 0 0 43590 23956 0 0 0 0 0 0 0 12849 0 0 32169 0 0 37362 14161 0
0 0 0 34908 0 0 0 0 58290 13137 0 0 10888 0 0 41730 23668 59996 0 39090 13305 30228 56990 0 0 0 19211 0 4380 0 0 44136
0 0 8657 50225 0 43721 33175 0 0 78932 0 0 0 0 0 3888 0 6394 0 0 24884 0 0 0 3902 9046 4512 46241 40463 0 0 6406
0 34255 3570 0 566 0 0 16076 0 21834 0 0 38553 33467 10477 36069 25175 0 18843 32230 0 0 0 15184 15130 67834 0 25202 0 0 0 0
0 49626 32554 0 14867 3032 0 0 0 0 40332 0 12091 0 115106 2556 27597 27014 17211 0 35099 2029 0 29559 0 0 16338 0 30390 22488 23039 23149
0 39584 3151 0 0 0 0 16092 0 0 32701 0 0 0 37541 0 0 0 52582 0 36220 2354 27345 0 0 39416 28248 0 0 3453 44061 24703
0 3949 17788 0 35173 0 0 25831 0 0 30536 7196 59183 730 58051 0 0 0 4764 2250 0 0 0 30084 0 0 21209 31325 24927 0 21010 31611
38793 0 21348 26582 0 0 0 19815 13057 9051 32888 5648 6186 0 0 0 0 8914 0 17004 0 13024 0 0 0 0 53282 0 0 38676 15772 0
23272 0 6236 0 0 0 11823 0 55394 0 0 0 9368 0 0 0 5836 0 29181 6093 0 21777 29118 37343 34151 0 0 0 0 21386 0 0
0 0 20112 0 869 0 33501 50165 0 0 0 2980 8593 41937 89931 0 11471 0 26325 0 9370 0 0 7286 66105 31998 66270 0 5819 38681 0 36695
0 7675 0 19259 0 0 3776 0 0 0 0 13193 0 544 0 30739 0 0 0 0 0 8302 0 0 0 67521 40103 0 0 52466 0 0
31300 52426 19560 30425 0 31517 11660 56763 22266 10692 14803 0 0 45527 8910 0 6143 12927 0 34774 30627 0 27344 0 7305 7701 0 0 0 0 0 13701
5247 6399 0 12669 0 5295 0 49170 0 4010 9276 40497 3068 15381 0 0 0 6317 11967 22717 5716 0 0 17711 0 0 30354 18330 0 14944 0 0
10060 0 0 0 51609 3773 51515 0 0 0 0 0 34454 0 0 8586 0 0 0 22069 41794 48519 0 25416 0 0 17014 4923 39937 19459 0 18307
