FORMAT_VERSION=1
MAX_N=40
ARRAY_N=8
MATRIX_DIM=40
DATA_W=8
ACC_W=22
SEED=1
BIAS=1
POOL=1
ACT_MODE=1
OUTPUT_DIM=20
CYCLES=8741
BEGIN_MATRIX_A
0 -122 -50 -58 -61 71 126 93 110 60 -29 44 17 0 -1 102 -107 23 -61 -100 0 -89 5 -92 25 -104 -53 -27 103 11 7 1 -104 55 -91 -30 68 -94 -1 34
13 -65 -80 -38 34 -25 -56 -53 39 -77 92 -26 115 -70 125 60 -77 -87 -120 71 -14 -63 -37 -107 -10 -81 -25 -48 6 -55 -94 48 14 -89 93 63 30 34 -13 9
83 -87 95 -95 19 2 -81 20 -74 98 84 -81 -122 -25 -38 -88 34 117 -12 48 67 -15 -8 -42 -36 -38 -87 88 -96 71 113 -51 -30 64 -17 44 -38 119 -19 58
74 104 -79 -39 123 -46 -76 -87 -90 -114 -81 29 -76 -49 18 -32 97 -67 -40 -93 -65 109 -76 69 29 60 -83 99 67 -115 8 60 25 -30 -95 3 -84 87 -100 -124
-117 126 120 53 -110 -102 -126 -100 5 54 -87 28 23 40 -83 31 -49 -29 -70 -92 69 57 81 38 77 116 -92 -22 113 -51 67 -88 92 77 50 -105 -105 6 90 -40
-78 -86 95 65 -64 -115 -49 -120 64 -5 -72 -51 92 -14 -101 -121 -114 67 -67 -51 -92 8 -38 1 32 127 61 -33 -3 73 42 -31 -46 -1 -70 16 84 51 9 45
58 -56 -56 59 127 -83 54 107 7 -10 108 104 -97 94 20 -2 98 26 123 43 125 24 5 -124 78 -102 -2 7 -20 47 -50 61 7 18 -115 -52 42 -33 -11 97
97 -77 -76 -7 59 -91 33 -117 44 -92 78 24 80 -86 124 16 -112 97 -22 34 35 23 15 99 112 28 39 -35 84 125 40 118 -59 29 21 62 -46 51 -77 23
7 33 -105 -60 49 -77 -96 81 -126 -71 -63 -32 16 -1 62 -49 -66 -83 56 76 121 -2 -95 55 -34 92 -110 115 61 -37 -5 -114 -4 23 -72 -51 88 105 2 -106
-116 -121 68 61 79 126 77 46 -68 10 -31 118 -111 87 -78 -78 -44 20 -84 88 -42 -11 -84 95 -108 -116 -110 79 127 -126 -74 -85 -104 50 -75 -72 -8 -87 -84 -84
-78 -7 -60 57 21 -3 44 117 81 107 100 40 117 86 -10 118 -38 6 -121 -23 -33 50 75 -34 16 -97 -43 77 -91 21 77 -8 106 -65 3 -15 0 -27 97 -116
126 6 60 -94 118 83 -117 66 87 -119 120 -72 51 49 -45 -3 -35 50 -27 123 111 -40 -94 62 46 33 63 126 -53 -122 33 -122 5 12 53 3 -80 -63 -100 -81
21 -100 -57 90 -77 -78 -31 85 105 -45 -89 62 -16 -121 -100 46 -57 102 -103 59 111 -43 -64 111 16 33 -47 9 127 -9 -36 44 -100 68 85 -21 25 107 -124 -77
-99 -26 93 21 66 56 -82 -13 127 82 -77 8 102 71 13 -42 72 106 17 -16 -70 -55 123 -91 -10 6 -125 10 -97 -109 80 102 -30 80 -56 -3 -2 -127 -57 60
31 43 -82 64 -87 -46 91 -56 -42 -113 119 119 -68 -115 43 -120 -82 -25 52 -45 -2 -34 85 58 36 120 42 115 61 118 90 53 -16 -73 45 -62 -79 -21 124 -46
100 -77 4 -36 94 25 30 -60 -53 111 -55 -27 111 -125 37 125 -55 66 67 117 -104 -82 88 -115 -68 59 80 -20 122 -120 -64 2 28 125 59 -38 -6 -61 4 -60
-39 -96 34 93 -84 54 -47 -3 -67 20 87 -128 43 62 51 114 -51 124 -71 -102 122 30 -7 -27 -89 17 27 -79 105 94 16 120 -32 3 -93 -39 -17 44 -20 7
105 -43 37 -110 -115 -69 -35 -113 -19 -63 -119 42 -82 -93 120 -119 46 23 40 29 5 66 -13 75 105 -101 43 117 -15 29 -123 105 -74 -24 -16 40 -39 59 -58 20
99 -50 98 122 -115 -116 16 124 91 -78 97 93 -89 68 -33 44 127 -18 30 -48 -21 60 48 112 14 52 121 64 -89 84 -32 -83 -5 -23 102 -25 17 -49 18 -54
87 -120 74 45 -88 -71 -123 -119 -85 3 91 7 -104 64 -4 -23 89 30 1 87 18 26 -98 -120 -3 -40 53 79 -76 -31 78 2 -51 -64 -29 -53 -29 118 22 78
-9 93 69 -73 48 94 125 35 3 -115 75 107 -77 36 -17 83 52 -32 -14 15 111 -72 23 49 -27 -2 -83 -12 -79 -46 68 -23 -21 4 -67 -2 109 75 -61 -22
-12 -28 -105 -6 -93 -122 70 59 -24 -58 62 4 -68 -54 63 -28 73 104 -85 -25 -22 -95 64 73 -111 123 37 121 -120 62 96 -116 -107 10 -89 0 124 -41 -107 -19
-29 -48 59 -115 -107 11 22 40 34 -93 94 96 -23 57 -67 -39 116 -54 95 71 60 -21 101 -41 -47 100 -67 -5 88 44 76 -105 111 -59 -119 -122 114 -15 110 -115
27 -43 -57 -99 -120 112 -21 -120 -101 117 -53 4 -63 -120 101 24 17 -40 -103 -22 -48 27 93 -25 85 -24 75 78 77 114 -104 30 92 -92 104 92 31 -101 124 -60
-110 -126 75 -51 -47 -54 111 28 61 -53 127 72 -4 -72 58 9 -33 -1 34 -63 -95 3 103 105 -113 53 66 -38 -120 -112 -94 121 97 118 64 66 -90 -24 23 50
-63 35 46 21 120 -102 -43 -84 -43 81 47 62 101 -102 44 125 -35 45 -41 -44 29 -92 13 21 -111 87 -115 126 -7 -106 109 38 -123 69 -23 -51 93 -43 -98 -3
-126 -93 20 -95 20 -83 -73 -27 -16 -78 41 -119 -73 -84 -15 -122 45 -86 -109 31 3 10 2 71 -14 22 113 109 67 0 -121 -86 -80 57 -13 72 -88 48 92 -79
-14 106 -72 -75 -81 -1 -3 58 -66 117 51 68 126 -6 -23 97 -13 -3 8 116 68 48 3 -32 -89 -38 108 17 -103 -103 -22 109 -116 121 -122 -106 -32 114 99 29
78 62 -49 -119 -92 -102 -77 -62 -16 -33 111 -34 -5 -6 1 76 49 -52 -94 90 -30 -33 -76 38 -25 -121 22 -23 -93 89 -42 -99 101 9 71 12 46 -95 114 56
-45 33 -25 42 -128 116 -12 28 -105 -46 54 -2 -4 117 -117 108 -82 -73 103 -19 -48 -117 -122 -88 13 92 -1 106 86 68 -74 16 7 -88 50 85 108 52 -50 -3
-92 52 73 93 -33 82 -63 74 8 -81 -3 94 -61 93 37 -84 -47 62 -42 -63 -44 57 -110 23 115 -37 -110 -36 -37 78 -1 30 -96 -73 126 84 7 -20 39 78
-95 -107 -41 123 83 -91 -27 -107 -72 51 48 -81 -29 -75 -106 -100 -125 -97 -56 -67 100 89 121 43 86 -97 -11 64 108 55 14 -122 -95 15 121 -1 -37 -72 119 -47
78 64 -20 80 60 109 -43 107 30 88 22 117 33 106 -81 82 14 -77 79 -1 -121 -86 73 -128 -78 66 -29 42 53 108 12 78 -101 -20 110 67 25 -105 -32 -46
-81 -18 61 2 -83 22 -112 64 -110 56 -81 -19 83 57 40 72 -2 -44 -105 -71 -71 22 86 121 40 60 -107 -91 50 -23 -56 -97 32 -60 126 -31 32 115 -113 36
44 -12 -74 -22 73 91 126 109 46 -23 -106 -24 65 -116 -121 65 0 -75 -60 19 -61 -104 31 31 -39 -62 -101 16 19 22 -98 -86 -92 44 -122 81 98 4 -101 -4
107 40 98 118 39 34 79 17 -84 93 -36 -84 -125 89 -9 32 -60 75 -42 13 -94 22 45 0 70 -91 -65 2 24 -85 81 -126 95 -75 -4 -96 68 -80 -30 -40
54 -71 63 11 -84 99 -32 -17 75 70 -16 -44 100 6 47 -45 -39 -90 -124 88 100 68 -14 13 51 55 -26 36 -15 -119 -17 3 38 -48 -49 80 -7 105 -19 89
88 25 42 -29 115 -2 20 82 -88 -13 118 50 -64 70 79 42 -110 -45 33 62 9 -124 -87 -128 -122 37 -21 23 -93 -93 -82 -83 83 -88 71 57 106 -110 -49 40
125 -46 -74 -18 37 -91 -71 -25 -92 47 47 -82 -28 -10 -64 -68 -31 -65 120 126 98 -58 54 -73 38 89 -121 81 96 -40 -48 -123 -97 9 -25 104 13 -40 3 -46
19 112 18 -81 93 -75 104 -91 62 36 -44 34 113 6 22 -59 59 18 -84 43 -15 101 9 22 -38 -35 40 -2 113 -45 125 -9 8 59 74 0 -52 22 80 -87
END_MATRIX_A
BEGIN_MATRIX_B
56 92 -57 -13 95 -119 69 -111 -113 -55 -36 95 -47 -47 49 74 37 -87 -105 -10 40 110 -88 -18 -100 -21 -72 -79 -50 32 46 -93 -32 -105 -65 -39 -22 -83 124 -53
8 -85 -46 -28 60 -58 92 -20 56 -2 -101 91 2 -32 -115 -120 126 30 38 -76 -44 23 -93 0 -75 48 -61 54 -123 19 -31 120 98 -47 -26 -43 6 -33 34 -79
-106 -11 6 24 66 -49 -77 -20 -50 -56 124 -13 -2 94 52 -56 -45 -114 104 -86 -68 17 120 39 -105 -127 -117 -79 -101 82 104 8 27 -76 42 -116 51 82 -35 105
73 -15 -18 -84 120 -20 -122 42 -42 -104 -62 85 -102 -128 -59 -24 37 -124 -74 120 -26 -41 -112 -32 35 -29 -35 -106 -95 2 78 -47 40 31 46 -96 -18 55 -67 -43
-39 -73 99 -42 -85 -73 -53 74 5 32 -39 -88 82 -89 126 -86 -120 -86 113 -106 -41 -11 -54 113 40 91 113 13 -117 56 123 -7 120 -48 95 77 -6 -115 14 92
-76 30 -24 66 -53 119 -107 84 -89 -79 -70 107 -95 -60 -108 25 -123 45 105 -76 -5 103 -28 69 -50 77 74 89 18 90 -111 -81 45 -59 86 -58 -68 -127 -71 78
91 30 12 118 74 -123 112 26 -7 -101 75 -45 105 -71 -100 -23 118 20 55 25 0 -11 -41 81 -20 -36 24 49 18 123 78 -121 -1 -103 57 -108 -97 -47 -95 65
-63 45 -55 43 -127 -88 -58 -108 -115 -115 -71 46 78 -73 -28 -46 -21 -86 -96 5 55 -100 54 112 111 74 -106 39 -22 -66 -21 -32 -105 -22 24 -5 110 42 6 117
-83 -96 -27 -73 8 117 60 66 -88 -7 -30 65 23 -99 -42 -9 7 -40 -10 13 -10 -28 -110 -59 -72 91 -22 2 -36 -73 127 61 -13 -76 77 83 -70 -119 -30 48
28 14 82 99 30 -76 17 -116 -95 107 -84 -89 16 91 88 64 -33 -122 116 -128 -10 71 -43 27 -7 -80 6 33 111 -55 89 -85 -60 -79 -30 108 54 -102 75 30
-102 -86 -117 -46 3 -70 -126 32 70 -13 104 52 104 81 43 -66 -36 -4 -94 -62 -78 -115 -90 68 -102 42 7 -37 -52 -122 102 29 -51 -67 -23 -16 26 25 -46 -75
-85 -86 -5 94 93 -52 37 86 54 127 53 84 -112 -84 75 9 28 65 -76 -80 -53 47 -57 121 -106 75 -105 -33 33 15 -115 -49 72 50 -33 -67 -128 48 -26 -110
35 -94 83 120 -109 127 76 -117 67 60 93 106 -98 -52 81 -95 -49 124 -23 -1 99 -77 118 -68 -39 -109 73 -111 -2 117 17 -94 63 75 15 76 -57 -37 45 -40
-116 -28 -11 8 50 22 103 -123 -44 -9 -76 47 -83 -98 -48 77 -103 84 -21 -102 -126 18 -53 53 -91 -30 -3 112 -72 26 -15 -128 -14 127 -17 10 -15 68 -19 -109
-126 -28 74 -49 72 -26 94 -48 67 124 -6 22 55 -2 -73 122 -15 78 48 4 113 18 28 -109 -15 -42 63 112 -57 13 71 -68 51 -22 126 -65 2 36 101 22
21 -109 40 -59 -55 -78 -9 34 62 -9 59 -89 126 27 -80 -96 -125 48 89 -71 31 -87 88 111 -61 48 -91 93 36 110 -88 110 -57 -95 -86 -25 99 36 49 92
40 -59 51 121 -22 12 50 -73 37 84 47 -27 -27 -49 -125 -101 -115 95 -110 -117 124 92 107 -89 -104 45 51 60 -80 -52 -122 -41 -54 31 -86 25 64 61 -90 102
-46 -118 55 114 -123 -74 -84 -79 109 -98 -103 -90 84 6 112 17 65 63 -10 2 -35 -95 -100 -61 -65 -20 -75 -89 -115 -122 -115 -65 6 -103 98 97 -22 24 54 -97
-65 -109 -116 -114 120 3 -5 124 -2 94 -90 -6 -107 28 -108 -49 36 -108 -26 -62 91 61 -19 79 -68 -54 37 49 127 41 6 -43 93 104 -64 -93 51 107 -48 54
-117 -111 120 99 3 51 19 42 -109 -1 81 -118 -74 59 73 39 111 -30 114 -30 49 -92 125 66 -92 -61 7 -59 81 -43 51 16 35 97 30 -4 -46 94 61 -123
41 -108 -118 -98 42 -41 -93 -42 27 42 -65 -13 105 -66 -127 86 111 -53 -74 83 30 88 -26 89 -125 -44 -51 4 47 -107 -76 15 -128 58 -92 29 -62 -24 -128 108
60 106 -3 99 21 47 117 1 26 41 -96 44 100 -115 46 -33 -28 114 56 60 -59 78 -100 119 -76 89 50 -88 9 -58 -29 120 -51 -24 -95 -77 -97 47 59 -78
127 3 24 -80 112 -118 -51 -12 3 67 -110 -29 -65 -125 -103 -19 97 -40 73 93 12 73 80 10 74 109 -99 -31 -12 117 55 89 -6 2 -14 -65 12 -24 8 102
28 -51 -114 -72 -56 -87 -50 32 -94 32 123 -35 85 -57 -54 -80 -83 64 103 109 125 57 78 100 104 76 -126 -73 -123 -67 -94 -122 -23 26 97 -5 13 -71 -33 63
19 23 -35 70 -15 25 -44 124 115 40 -16 86 40 50 -30 -60 35 -118 -102 121 -90 -95 -34 33 -89 -81 -66 107 56 41 -17 -5 -49 37 1 57 106 -106 115 -5
-105 109 -83 29 95 -103 -41 -24 7 -30 -113 100 -70 -84 -128 -120 16 -107 -40 72 118 -13 -94 -125 114 49 -5 -44 -52 21 41 62 -107 -42 -111 -64 14 35 -111 -65
111 -4 52 87 -115 117 -53 -117 97 84 98 82 113 -116 27 -122 23 -92 95 -73 -94 -18 -6 -44 104 -85 15 -64 -95 9 -14 -70 55 0 -36 -77 106 20 -125 121
85 -15 -111 -57 86 -19 -2 52 89 99 64 2 -7 -8 106 -51 -117 -77 28 26 3 3 95 -57 -69 -106 91 85 29 32 -21 33 38 -10 24 103 -48 -115 110 60
85 -40 50 84 92 -117 123 -72 -6 55 42 80 -97 71 -69 85 -42 -28 4 -97 -14 -79 -57 -46 -110 106 42 114 9 99 14 -51 -91 -22 72 -51 -43 127 -77 -91
49 -4 44 97 97 -115 105 86 -29 -110 -85 111 -77 94 91 94 -45 -45 123 -88 -81 -24 3 -104 102 -1 21 12 -15 43 19 34 43 76 -104 -53 -76 14 77 55
-66 -56 -92 37 -83 62 105 18 -91 58 62 71 -21 18 -16 -52 50 0 -82 49 -69 102 32 65 99 -20 95 -112 -123 127 -53 -23 -62 46 -63 -96 -86 -22 53 -66
67 39 39 16 107 89 -8 24 37 83 -91 -37 -65 -120 -35 -113 -42 38 -10 45 62 25 -58 -37 -53 -23 87 65 -9 120 -124 -78 104 -97 105 65 88 -76 -66 -84
-37 -31 14 41 8 104 -50 29 -2 -64 80 -94 -53 -108 -95 -4 53 -92 57 -27 95 -128 -104 -66 81 44 -73 -101 95 -100 103 55 112 17 125 -68 34 94 -10 122
-41 2 -31 112 -105 39 64 -67 -37 -124 -70 -18 45 26 52 49 -71 -43 70 93 -84 7 -107 -24 125 -53 6 -77 23 66 -40 -74 -36 -77 -101 -106 -113 -120 6 12
24 49 -82 58 45 -35 -99 -39 -36 32 -55 70 -23 109 108 112 32 118 58 -84 117 107 120 96 10 27 -13 -110 29 -15 -40 88 -56 -45 105 41 -85 -31 -106 8
116 23 115 -106 67 -58 -111 -2 -12 -7 47 -55 69 -80 90 -120 -37 1 -36 101 45 23 24 -109 70 17 -67 -101 113 -67 98 -116 -67 63 -8 12 100 -120 37 65
20 -68 120 -89 20 105 -127 -68 76 -83 -54 -114 42 52 -86 42 110 18 -1 -18 -52 -119 -59 -75 115 -95 -117 -24 121 -83 -51 105 28 -90 40 104 -19 109 113 14
-42 -25 -81 12 1 -2 -15 14 -100 127 1 3 -122 -36 2 83 -47 -60 -32 -23 44 -86 -83 37 38 31 -46 -87 92 20 45 11 119 -11 0 96 27 -84 -47 -82
-85 127 24 57 -20 -51 -35 -76 -109 -81 42 79 -87 120 103 -92 -48 15 -117 -117 108 54 56 -60 -87 -96 -80 -120 102 -9 -82 -7 -10 -71 23 111 -56 -11 -103 -87
-11 -21 29 -39 -100 -114 31 -105 51 -35 -27 -83 -88 41 -106 -56 105 46 51 5 77 22 106 96 89 85 81 6 103 106 -5 -128 -79 126 -20 -57 49 -29 121 45
END_MATRIX_B
BEGIN_BIAS
23 -82 88 74 -87 38 51 -116 56 47 -31 -26 104 -20 -128 6 -59 5 86 -89 43 -1 43 19 -121 -12 7 -105 -35 65 7 78 24 60 126 18 -112 -100 38 -16
END_BIAS
BEGIN_MATRIX_C
13444 62463 47503 37844 32716 51885 33852 50699 55426 2312 41101 36773 3859 82559 51070 50079 23027 61921 13310 34316
34455 5086 32284 55648 84459 9745 73169 81843 14916 39015 31512 17975 61505 43341 12764 32414 41794 29498 12271 57670
29582 29272 41456 29055 16344 53012 29794 51397 28046 56037 20150 0 82188 0 18554 81318 20443 20639 29273 16010
35632 8346 23028 34568 44468 25830 27239 41967 24970 72648 3284 57057 11032 62468 35868 20811 30103 20199 37464 36802
0 22088 5295 31696 27793 46365 19563 65970 21070 44525 38291 83292 20404 57303 34720 44326 40383 65075 36248 27383
0 24380 37513 5269 0 51668 71962 49916 19489 6658 0 46567 0 914 0 35313 7588 52609 0 25445
40386 49600 58908 9641 10121 0 19178 61028 18129 85028 29571 21188 26501 41529 45359 11213 14091 44969 929 39172
38602 81765 104005 66341 26148 108534 29886 45933 56111 74805 40698 15886 5898 23173 69222 39222 22043 27283 5976 7880
57400 10206 58860 36268 85593 15470 15500 36743 15690 49046 48016 33137 0 28354 28032 0 32291 17812 36365 51532
11860 1366 47451 0 45852 65401 54614 50673 0 1338 16496 19172 4100 31193 9375 25535 39523 14542 54800 46271
17606 0 2299 43553 43759 24481 72931 0 43809 70446 1069 76395 107853 29835 10324 18071 9602 0 19140 40275
89206 68606 64218 18296 34367 38148 54688 32089 26000 55085 37988 46503 7262 28514 82704 64433 22560 28506 125417 38776
22997 2594 0 6574 58752 54887 45831 22961 28200 43910 64706 23622 60925 27081 42604 27751 11684 48485 25909 57374
55690 52134 32094 37004 51368 75300 50305 74701 29634 23832 4739 58226 33015 18964 34932 26977 21203 39763 17180 29278
5602 25116 61742 28239 22581 75077 92983 50787 59286 7110 17160 63213 0 64017 76304 45304 29220 23303 47492 54972
97610 0 23568 31271 9119 63245 68396 88114 58343 51703 36716 30521 21252 15486 22407 46011 29663 44226 0 12722
20724 15958 77534 1996 21819 68132 18143 46022 48860 38262 44516 62854 60646 43889 70665 29371 26953 20443 36470 21088
63194 50816 9802 24101 0 11062 23310 39679 36088 30910 1751 48411 57814 42787 37465 39810 0 49221 39297 69721
23384 17254 45246 0 28285 28116 31789 20616 36192 53567 40702 33949 0 17634 51639 68681 15520 31122 54141 26519
19109 89488 66368 97640 51995 41324 59321 55282 48652 27936 37047 10327 0 29028 70332 57766 41894 28885 6176 33438
END_MATRIX_C
