13444 62463 47503 37844 32716 51885 33852 50699 55426 2312 41101 36773 3859 82559 51070 50079 23027 61921 13310 34316
34455 5086 32284 55648 84459 9745 73169 81843 14916 39015 31512 17975 61505 43341 12764 32414 41794 29498 12271 57670
29582 29272 41456 29055 16344 53012 29794 51397 28046 56037 20150 0 82188 0 18554 81318 20443 20639 29273 16010
35632 8346 23028 34568 44468 25830 27239 41967 24970 72648 3284 57057 11032 62468 35868 20811 30103 20199 37464 36802
0 22088 5295 31696 27793 46365 19563 65970 21070 44525 38291 83292 20404 57303 34720 44326 40383 65075 36248 27383
0 24380 37513 5269 0 51668 71962 49916 19489 6658 0 46567 0 914 0 35313 7588 52609 0 25445
40386 49600 58908 9641 10121 0 19178 61028 18129 85028 29571 21188 26501 41529 45359 11213 14091 44969 929 39172
38602 81765 104005 66341 26148 108534 29886 45933 56111 74805 40698 15886 5898 23173 69222 39222 22043 27283 5976 7880
57400 10206 58860 36268 85593 15470 15500 36743 15690 49046 48016 33137 0 28354 28032 0 32291 17812 36365 51532
11860 1366 47451 0 45852 65401 54614 50673 0 1338 16496 19172 4100 31193 9375 25535 39523 14542 54800 46271
17606 0 2299 43553 43759 24481 72931 0 43809 70446 1069 76395 107853 29835 10324 18071 9602 0 19140 40275
89206 68606 64218 18296 34367 38148 54688 32089 26000 55085 37988 46503 7262 28514 82704 64433 22560 28506 125417 38776
22997 2594 0 6574 58752 54887 45831 22961 28200 43910 64706 23622 60925 27081 42604 27751 11684 48485 25909 57374
55690 52134 32094 37004 51368 75300 50305 74701 29634 23832 4739 58226 33015 18964 34932 26977 21203 39763 17180 29278
5602 25116 61742 28239 22581 75077 92983 50787 59286 7110 17160 63213 0 64017 76304 45304 29220 23303 47492 54972
97610 0 23568 31271 9119 63245 68396 88114 58343 51703 36716 30521 21252 15486 22407 46011 29663 44226 0 12722
20724 15958 77534 1996 21819 68132 18143 46022 48860 38262 44516 62854 60646 43889 70665 29371 26953 20443 36470 21088
63194 50816 9802 24101 0 11062 23310 39679 36088 30910 1751 48411 57814 42787 37465 39810 0 49221 39297 69721
23384 17254 45246 0 28285 28116 31789 20616 36192 53567 40702 33949 0 17634 51639 68681 15520 31122 54141 26519
19109 89488 66368 97640 51995 41324 59321 55282 48652 27936 37047 10327 0 29028 70332 57766 41894 28885 6176 33438
