56 92 -57 -13 95 -119 69 -111 -113 -55 -36 95 -47 -47 49 74 37 -87 -105 -10 40 110 -88 -18 -100 -21 -72 -79 -50 32 46 -93 -32 -105 -65 -39 -22 -83 124 -53
8 -85 -46 -28 60 -58 92 -20 56 -2 -101 91 2 -32 -115 -120 126 30 38 -76 -44 23 -93 0 -75 48 -61 54 -123 19 -31 120 98 -47 -26 -43 6 -33 34 -79
-106 -11 6 24 66 -49 -77 -20 -50 -56 124 -13 -2 94 52 -56 -45 -114 104 -86 -68 17 120 39 -105 -127 -117 -79 -101 82 104 8 27 -76 42 -116 51 82 -35 105
73 -15 -18 -84 120 -20 -122 42 -42 -104 -62 85 -102 -128 -59 -24 37 -124 -74 120 -26 -41 -112 -32 35 -29 -35 -106 -95 2 78 -47 40 31 46 -96 -18 55 -67 -43
-39 -73 99 -42 -85 -73 -53 74 5 32 -39 -88 82 -89 126 -86 -120 -86 113 -106 -41 -11 -54 113 40 91 113 13 -117 56 123 -7 120 -48 95 77 -6 -115 14 92
-76 30 -24 66 -53 119 -107 84 -89 -79 -70 107 -95 -60 -108 25 -123 45 105 -76 -5 103 -28 69 -50 77 74 89 18 90 -111 -81 45 -59 86 -58 -68 -127 -71 78
91 30 12 118 74 -123 112 26 -7 -101 75 -45 105 -71 -100 -23 118 20 55 25 0 -11 -41 81 -20 -36 24 49 18 123 78 -121 -1 -103 57 -108 -97 -47 -95 65
-63 45 -55 43 -127 -88 -58 -108 -115 -115 -71 46 78 -73 -28 -46 -21 -86 -96 5 55 -100 54 112 111 74 -106 39 -22 -66 -21 -32 -105 -22 24 -5 110 42 6 117
-83 -96 -27 -73 8 117 60 66 -88 -7 -30 65 23 -99 -42 -9 7 -40 -10 13 -10 -28 -110 -59 -72 91 -22 2 -36 -73 127 61 -13 -76 77 83 -70 -119 -30 48
28 14 82 99 30 -76 17 -116 -95 107 -84 -89 16 91 88 64 -33 -122 116 -128 -10 71 -43 27 -7 -80 6 33 111 -55 89 -85 -60 -79 -30 108 54 -102 75 30
-102 -86 -117 -46 3 -70 -126 32 70 -13 104 52 104 81 43 -66 -36 -4 -94 -62 -78 -115 -90 68 -102 42 7 -37 -52 -122 102 29 -51 -67 -23 -16 26 25 -46 -75
-85 -86 -5 94 93 -52 37 86 54 127 53 84 -112 -84 75 9 28 65 -76 -80 -53 47 -57 121 -106 75 -105 -33 33 15 -115 -49 72 50 -33 -67 -128 48 -26 -110
35 -94 83 120 -109 127 76 -117 67 60 93 106 -98 -52 81 -95 -49 124 -23 -1 99 -77 118 -68 -39 -109 73 -111 -2 117 17 -94 63 75 15 76 -57 -37 45 -40
-116 -28 -11 8 50 22 103 -123 -44 -9 -76 47 -83 -98 -48 77 -103 84 -21 -102 -126 18 -53 53 -91 -30 -3 112 -72 26 -15 -128 -14 127 -17 10 -15 68 -19 -109
-126 -28 74 -49 72 -26 94 -48 67 124 -6 22 55 -2 -73 122 -15 78 48 4 113 18 28 -109 -15 -42 63 112 -57 13 71 -68 51 -22 126 -65 2 36 101 22
21 -109 40 -59 -55 -78 -9 34 62 -9 59 -89 126 27 -80 -96 -125 48 89 -71 31 -87 88 111 -61 48 -91 93 36 110 -88 110 -57 -95 -86 -25 99 36 49 92
40 -59 51 121 -22 12 50 -73 37 84 47 -27 -27 -49 -125 -101 -115 95 -110 -117 124 92 107 -89 -104 45 51 60 -80 -52 -122 -41 -54 31 -86 25 64 61 -90 102
-46 -118 55 114 -123 -74 -84 -79 109 -98 -103 -90 84 6 112 17 65 63 -10 2 -35 -95 -100 -61 -65 -20 -75 -89 -115 -122 -115 -65 6 -103 98 97 -22 24 54 -97
-65 -109 -116 -114 120 3 -5 124 -2 94 -90 -6 -107 28 -108 -49 36 -108 -26 -62 91 61 -19 79 -68 -54 37 49 127 41 6 -43 93 104 -64 -93 51 107 -48 54
-117 -111 120 99 3 51 19 42 -109 -1 81 -118 -74 59 73 39 111 -30 114 -30 49 -92 125 66 -92 -61 7 -59 81 -43 51 16 35 97 30 -4 -46 94 61 -123
41 -108 -118 -98 42 -41 -93 -42 27 42 -65 -13 105 -66 -127 86 111 -53 -74 83 30 88 -26 89 -125 -44 -51 4 47 -107 -76 15 -128 58 -92 29 -62 -24 -128 108
60 106 -3 99 21 47 117 1 26 41 -96 44 100 -115 46 -33 -28 114 56 60 -59 78 -100 119 -76 89 50 -88 9 -58 -29 120 -51 -24 -95 -77 -97 47 59 -78
127 3 24 -80 112 -118 -51 -12 3 67 -110 -29 -65 -125 -103 -19 97 -40 73 93 12 73 80 10 74 109 -99 -31 -12 117 55 89 -6 2 -14 -65 12 -24 8 102
28 -51 -114 -72 -56 -87 -50 32 -94 32 123 -35 85 -57 -54 -80 -83 64 103 109 125 57 78 100 104 76 -126 -73 -123 -67 -94 -122 -23 26 97 -5 13 -71 -33 63
19 23 -35 70 -15 25 -44 124 115 40 -16 86 40 50 -30 -60 35 -118 -102 121 -90 -95 -34 33 -89 -81 -66 107 56 41 -17 -5 -49 37 1 57 106 -106 115 -5
-105 109 -83 29 95 -103 -41 -24 7 -30 -113 100 -70 -84 -128 -120 16 -107 -40 72 118 -13 -94 -125 114 49 -5 -44 -52 21 41 62 -107 -42 -111 -64 14 35 -111 -65
111 -4 52 87 -115 117 -53 -117 97 84 98 82 113 -116 27 -122 23 -92 95 -73 -94 -18 -6 -44 104 -85 15 -64 -95 9 -14 -70 55 0 -36 -77 106 20 -125 121
85 -15 -111 -57 86 -19 -2 52 89 99 64 2 -7 -8 106 -51 -117 -77 28 26 3 3 95 -57 -69 -106 91 85 29 32 -21 33 38 -10 24 103 -48 -115 110 60
85 -40 50 84 92 -117 123 -72 -6 55 42 80 -97 71 -69 85 -42 -28 4 -97 -14 -79 -57 -46 -110 106 42 114 9 99 14 -51 -91 -22 72 -51 -43 127 -77 -91
49 -4 44 97 97 -115 105 86 -29 -110 -85 111 -77 94 91 94 -45 -45 123 -88 -81 -24 3 -104 102 -1 21 12 -15 43 19 34 43 76 -104 -53 -76 14 77 55
-66 -56 -92 37 -83 62 105 18 -91 58 62 71 -21 18 -16 -52 50 0 -82 49 -69 102 32 65 99 -20 95 -112 -123 127 -53 -23 -62 46 -63 -96 -86 -22 53 -66
67 39 39 16 107 89 -8 24 37 83 -91 -37 -65 -120 -35 -113 -42 38 -10 45 62 25 -58 -37 -53 -23 87 65 -9 120 -124 -78 104 -97 105 65 88 -76 -66 -84
-37 -31 14 41 8 104 -50 29 -2 -64 80 -94 -53 -108 -95 -4 53 -92 57 -27 95 -128 -104 -66 81 44 -73 -101 95 -100 103 55 112 17 125 -68 34 94 -10 122
-41 2 -31 112 -105 39 64 -67 -37 -124 -70 -18 45 26 52 49 -71 -43 70 93 -84 7 -107 -24 125 -53 6 -77 23 66 -40 -74 -36 -77 -101 -106 -113 -120 6 12
24 49 -82 58 45 -35 -99 -39 -36 32 -55 70 -23 109 108 112 32 118 58 -84 117 107 120 96 10 27 -13 -110 29 -15 -40 88 -56 -45 105 41 -85 -31 -106 8
116 23 115 -106 67 -58 -111 -2 -12 -7 47 -55 69 -80 90 -120 -37 1 -36 101 45 23 24 -109 70 17 -67 -101 113 -67 98 -116 -67 63 -8 12 100 -120 37 65
20 -68 120 -89 20 105 -127 -68 76 -83 -54 -114 42 52 -86 42 110 18 -1 -18 -52 -119 -59 -75 115 -95 -117 -24 121 -83 -51 105 28 -90 40 104 -19 109 113 14
-42 -25 -81 12 1 -2 -15 14 -100 127 1 3 -122 -36 2 83 -47 -60 -32 -23 44 -86 -83 37 38 31 -46 -87 92 20 45 11 119 -11 0 96 27 -84 -47 -82
-85 127 24 57 -20 -51 -35 -76 -109 -81 42 79 -87 120 103 -92 -48 15 -117 -117 108 54 56 -60 -87 -96 -80 -120 102 -9 -82 -7 -10 -71 23 111 -56 -11 -103 -87
-11 -21 29 -39 -100 -114 31 -105 51 -35 -27 -83 -88 41 -106 -56 105 46 51 5 77 22 106 96 89 85 81 6 103 106 -5 -128 -79 126 -20 -57 49 -29 121 45
