29777 -375 74707 64810 -24564 7225 7511 247 40489 45492 14136 1935 -24288 27087 -2467 17662 -52619 1179 38693 -9187 -24575 -50252 20189 4368 -9057 -6312 18557 -5179 -405 18334 24747 -26415
44288 -3006 9118 -4381 6867 -552 2199 -37947 4573 -58397 27889 -6886 -30323 40545 -29175 -45858 12749 16688 30992 -39941 3550 22268 41206 20695 18944 -3506 -11620 -4963 -33888 -30250 -36909 -6737
9870 17826 -35618 3749 5658 31860 -29647 -2136 4788 -9442 32809 40009 1807 -27083 -32866 -29323 25785 23711 23261 4770 -3473 23405 48930 -4265 -33877 -18851 34884 9377 -17849 -25986 19965 9829
23437 -28636 -15160 -18638 -30947 -20347 3526 284 9890 -16606 -12777 -33705 -18971 1641 -12825 31404 -2433 194 -10654 -41292 33516 82412 23235 28537 36803 -6113 -19440 -50933 -19639 -10686 -27504 1926
40870 -10092 50433 -46952 -10202 46382 -24021 -31039 -39332 32133 64828 -47779 -4384 46571 21249 -291 -31695 34407 57998 -29761 1306 35057 12384 9210 -39267 13903 -10123 32195 12911 -20452 28715 37430
-5418 -65614 -48905 -26901 -33479 40684 16110 24451 75713 -31278 1812 -26888 14859 1409 16277 -31982 8307 -2717 -16027 -26866 55822 24989 27612 21520 10013 -27051 -15336 26774 13699 -14065 -26834 -18049
36565 19309 -16200 14600 21943 -16100 28828 -6864 -15806 31837 -13753 -18697 24814 -8412 -85333 -4872 -17749 5588 -3064 72682 -41218 29052 -30623 -37005 -24662 32437 9489 -14644 -25560 -14860 25941 10992
-19083 -16137 1866 -13453 -17178 -67502 -9949 2542 -18617 5730 15791 7816 43684 -25175 58644 -20855 -24744 33194 -87199 -4529 28863 -16578 -58067 -28189 -40255 9981 59602 12952 -23458 56551 -18236 4389
35142 -42902 -4209 1916 -81637 9240 35101 49389 31560 -33185 -9884 -611 -16278 28857 22706 -58980 -60932 -29548 24812 -69257 11094 36263 -2486 14486 -11730 18224 11022 -12345 -50827 51426 36191 -44310
-18848 -13699 -14606 51970 4405 -30324 -16153 -17726 -47655 -29455 3581 64487 -33358 -15868 -34788 -21396 16827 36117 -78898 -28345 40673 -3571 27602 -19482 -61372 -14324 55035 -35379 10507 19973 -52228 17280
43859 11657 1283 -18637 55559 30234 1827 -45907 18068 -4478 -99 -51641 -25772 -21317 -66105 53095 56216 51793 3372 -1758 39281 65125 44456 74 14051 -50511 -33942 -7188 9022 -61928 -12009 -8527
-4947 -12333 686 -33227 8146 -47998 13618 1651 -59487 24317 -23889 -8708 -16094 -72108 -8776 15873 -30373 -14323 -1230 -4409 -12341 27098 -40618 -29445 56492 -9013 -11366 -19155 23920 -782 47384 -14927
-38318 -41737 -20486 -44285 54239 11209 -21284 -3219 5021 19633 -22371 10112 47979 31981 -29850 57730 75838 27425 -42259 -26300 10488 19646 29315 12771 8085 -2498 -43098 44469 61417 -25601 -59611 30077
24054 25777 55493 -1577 -44800 -43318 17472 -13429 3449 55043 34785 -1875 13834 25648 34060 23810 -56202 1053 -17124 -18030 -22538 -4779 3298 18884 19883 45371 -14144 -45095 -74958 3000 -25244 -13867
-20005 3851 -1897 8068 -13915 -25076 -36573 -61886 8238 -11306 30074 20582 267 -56241 53298 -17194 -65974 14394 26802 2095 23549 8602 31017 39883 -21153 -15217 32134 -44039 9840 64354 57387 14626
50245 -27545 64773 28446 39699 68594 19757 -31720 5010 42759 18426 -25140 4095 43051 -22818 -4901 2641 43743 15464 -28005 35474 38207 46264 40878 -20189 -46139 -18340 7856 41000 -29436 -46021 -10093
-52711 -54474 -56973 -16950 -64438 19207 -25644 23689 35381 -4066 4663 -9475 36629 -70782 10067 -76950 -48952 -33485 -18526 -4151 30909 -4678 23221 9885 -5220 54581 17688 33038 -9932 15697 16715 23696
-2556 24288 5578 8570 -4899 23896 -28755 -14345 9215 -18144 17301 -3545 -52153 46326 19934 4628 21560 20505 1320 63380 40287 -56373 38141 34289 3194 32353 -36263 -23500 16704 35740 -32105 45687
-21631 -6663 19195 26815 -52966 -24179 -15185 27870 39048 -19514 28934 36263 -15274 -12200 43590 23956 -40274 -3134 -29794 -15977 -1021 -53403 -2118 12849 -11617 -16449 32169 -27761 -12384 37362 14161 -3040
-10456 -31675 -13645 34908 -11693 -5804 -3984 -31420 58290 13137 -13327 -12203 10888 -8300 -93406 41730 23668 59996 -13198 39090 13305 30228 56990 -30080 -10869 -5043 19211 -32217 4380 -12625 -53590 44136
-29761 -24823 8657 50225 -17545 43721 33175 -19672 -3993 78932 -35884 -6134 -6131 -783 -19576 3888 -29211 6394 -15751 -17339 24884 -26945 -1657 -51560 3902 9046 4512 46241 40463 -25986 -12781 6406
-6225 34255 3570 -68597 566 -17767 -31418 16076 -252 21834 -2676 -37809 38553 33467 10477 36069 25175 -39658 18843 32230 -44830 -35300 -52244 15184 15130 67834 -77867 25202 -29331 -36433 -3214 -12342
-57776 49626 32554 -67061 14867 3032 -23479 -10271 -52863 -24305 40332 -7860 12091 -33872 115106 2556 27597 27014 17211 -10173 35099 2029 -5524 29559 -26048 -53228 16338 -14426 30390 22488 23039 23149
-42690 39584 3151 -26571 -26149 -15722 -30292 16092 -10060 -35747 32701 -10113 -41616 -41410 37541 -1889 -19344 -6112 52582 -16109 36220 2354 27345 -4800 -26513 39416 28248 -26550 -49047 3453 44061 24703
-19614 3949 17788 -34772 35173 -28864 -34081 25831 -35867 -6523 30536 7196 59183 730 58051 -20834 -10004 -19778 4764 2250 -52828 -6788 -60651 30084 -8764 -31377 21209 31325 24927 -5889 21010 31611
38793 -34248 21348 26582 -60740 -17651 -1214 19815 13057 9051 32888 5648 6186 -26493 -30812 -68901 -61552 8914 -9651 17004 -10304 13024 -7581 -5211 -52690 -18542 53282 -24441 -43789 38676 15772 -13785
23272 -3734 6236 -11863 -25160 -13865 11823 -24820 55394 -11242 -7724 -14138 9368 -3420 -23968 -6335 5836 -12094 29181 6093 -17653 21777 29118 37343 34151 -22934 -34582 -28842 -22096 21386 -5214 -66687
-54790 -26474 20112 -53736 869 -17931 33501 50165 -7526 -41916 -14294 2980 8593 41937 89931 -15281 11471 -10420 26325 -25004 9370 -40715 -25439 7286 66105 31998 66270 -1463 5819 38681 -427 36695
-8728 7675 -13345 19259 -56068 -94950 3776 -16447 -15323 -62255 -7395 13193 -9859 544 -13577 30739 -57149 -30905 -67623 -32803 -25272 8302 -35592 -13630 -28005 67521 40103 -22283 -19469 52466 -215 -16718
31300 52426 19560 30425 -4246 31517 11660 56763 22266 10692 14803 -22944 -48419 45527 8910 -7509 6143 12927 -25459 34774 30627 -31014 27344 -296 7305 7701 -16742 -1775 -30511 -299 -62362 13701
5247 6399 -26075 12669 -7397 5295 -32340 49170 -11795 4010 9276 40497 3068 15381 -69124 -42453 -16078 6317 11967 22717 5716 -7302 -13337 17711 -28174 -11378 30354 18330 -5772 14944 -732 -8667
10060 -52309 -9475 -4586 51609 3773 51515 -52972 -18408 -19529 -21611 -10738 34454 -19288 -7083 8586 -19907 -984 -31665 22069 41794 48519 -40024 25416 -15679 -36192 17014 4923 39937 19459 -6973 18307
