44288 74707 7225 7511 45492 27889 40545 17662 16688 38693 22268 41206 18944 18557 18334 24747
23437 3749 31860 3526 9890 40009 1807 31404 25785 23261 82412 48930 36803 34884 -10686 19965
40870 50433 46382 24451 75713 64828 46571 21249 34407 57998 55822 27612 13903 32195 13699 37430
36565 14600 21943 28828 31837 15791 43684 58644 33194 72682 29052 -28189 32437 59602 56551 25941
35142 51970 9240 49389 31560 64487 28857 22706 36117 24812 40673 27602 18224 55035 51426 36191
43859 1283 55559 13618 24317 -99 -16094 53095 56216 3372 65125 44456 56492 -7188 23920 47384
25777 55493 54239 17472 55043 34785 47979 57730 75838 -17124 19646 29315 45371 44469 61417 30077
50245 64773 68594 19757 42759 30074 43051 53298 43743 26802 38207 46264 -15217 32134 64354 57387
24288 8570 23896 23689 35381 17301 46326 19934 21560 63380 40287 38141 54581 33038 35740 45687
-6663 34908 -5804 27870 58290 36263 10888 43590 59996 39090 30228 56990 -5043 32169 37362 44136
34255 50225 43721 33175 78932 -2676 38553 36069 25175 32230 24884 15184 67834 46241 40463 6406
49626 32554 14867 16092 -10060 40332 12091 115106 27597 52582 36220 29559 39416 28248 30390 44061
38793 26582 35173 25831 13057 32888 59183 58051 8914 17004 13024 30084 -8764 53282 38676 31611
23272 20112 869 50165 55394 2980 41937 89931 11471 29181 21777 37343 66105 66270 38681 36695
52426 30425 31517 56763 22266 14803 45527 30739 12927 34774 30627 27344 67521 40103 52466 13701
10060 12669 51609 51515 4010 40497 34454 8586 6317 22717 48519 25416 -11378 30354 39937 18307
